日期,開盤,最高,最低,收盤,成交量
2018-01-30,19.85,19.9,19.450001,19.5,934331.0
2018-01-31,19.4,19.5,19.25,19.5,597225.0
2018-02-01,19.5,19.5,19.25,19.25,1453263.0
2018-02-02,19.25,19.25,19.0,19.15,1271351.0
2018-02-05,18.950001,18.950001,18.799999,18.9,807075.0
2018-02-06,18.6,18.700001,17.35,17.700001,1758204.0
2018-02-07,17.75,18.15,17.75,17.75,1468555.0
2018-02-08,17.75,18.4,17.75,18.299999,374133.0
2018-02-09,17.9,18.6,17.700001,18.6,1101000.0
2018-02-12,18.799999,19.0,18.65,18.85,944380.0
2018-02-21,19.299999,19.9,19.0,19.9,1563463.0
2018-02-22,19.75,19.9,19.6,19.9,1083150.0
2018-02-23,19.799999,20.200001,19.6,19.6,2342314.0
2018-02-26,19.6,19.950001,19.5,19.6,1632150.0
2018-02-27,19.65,20.0,19.450001,19.5,4830038.0
2018-03-01,19.6,19.700001,19.5,19.6,1292750.0
2018-03-02,19.5,19.6,19.450001,19.5,665334.0
2018-03-05,19.6,19.75,19.5,19.5,1171199.0
2018-03-06,19.6,19.700001,19.6,19.65,800440.0
2018-03-07,19.6,19.700001,19.4,19.4,888351.0
2018-03-08,19.549999,19.85,19.5,19.65,1202075.0
2018-03-09,19.700001,20.450001,19.700001,20.25,3029105.0
2018-03-12,20.15,20.35,20.1,20.200001,1623949.0
2018-03-13,20.200001,20.35,19.700001,19.799999,2475787.0
2018-03-14,19.9,20.0,19.5,19.75,1236380.0
2018-03-15,19.75,20.1,19.75,19.799999,2232900.0
2018-03-16,19.950001,20.0,19.65,19.799999,1171629.0
2018-03-19,19.85,20.15,19.799999,20.049999,1734509.0
2018-03-20,20.0,20.049999,19.950001,20.049999,1123000.0
2018-03-21,20.1,20.75,20.049999,20.049999,3879020.0
2018-03-22,20.049999,20.35,20.049999,20.200001,1899615.0
2018-03-23,19.85,20.35,19.700001,20.15,1275200.0
2018-03-26,20.200001,20.799999,20.049999,20.6,4659101.0
2018-03-27,20.799999,20.85,20.4,20.450001,2127616.0
2018-03-28,20.450001,20.549999,20.299999,20.35,1117500.0
2018-03-29,20.5,20.549999,20.35,20.549999,905620.0
2018-03-30,20.6,20.85,20.5,20.85,1120566.0
2018-04-02,20.950001,21.0,20.700001,20.950001,1501584.0
2018-04-03,20.799999,21.049999,20.75,21.0,1655950.0
2018-04-09,21.1,21.35,21.0,21.15,1568100.0
2018-04-10,21.25,21.65,21.200001,21.549999,2420365.0
2018-04-11,21.299999,21.450001,21.1,21.299999,3184906.0
2018-04-12,21.35,21.85,21.35,21.75,2503383.0
2018-04-13,21.75,21.799999,21.450001,21.75,1478120.0
2018-04-16,21.75,21.75,20.75,20.799999,2577886.0
2018-04-17,21.1,21.1,20.549999,20.700001,1140500.0
2018-04-18,20.950001,20.950001,20.549999,20.700001,1192300.0
2018-04-19,20.700001,20.9,20.6,20.85,500763.0
2018-04-20,20.799999,20.9,20.450001,20.6,979474.0
2018-04-23,20.549999,20.6,20.299999,20.4,916525.0
2018-04-24,20.4,20.4,20.0,20.35,1155985.0
2018-04-25,20.35,20.549999,20.25,20.549999,1012162.0
2018-04-26,20.549999,21.5,20.5,21.15,3471875.0
2018-04-27,21.299999,22.049999,21.15,22.0,5314200.0
2018-04-30,22.0,22.549999,21.9,22.049999,5336227.0
2018-05-02,22.0,22.6,22.0,22.25,3997827.0
2018-05-03,22.35,22.6,22.25,22.450001,3024741.0
2018-05-04,21.549999,21.549999,20.25,20.35,9854453.0
2018-05-07,20.450001,20.799999,20.299999,20.799999,2747123.0
2018-05-08,20.799999,20.799999,20.450001,20.75,1800150.0
2018-05-09,20.700001,20.9,20.549999,20.85,1353515.0
2018-05-10,20.799999,21.450001,20.65,21.299999,1543090.0
2018-05-11,21.299999,21.35,20.950001,21.049999,934584.0
2018-05-14,21.0,21.049999,20.799999,20.799999,1332700.0
2018-05-15,20.799999,21.0,20.799999,20.799999,1025692.0
2018-05-16,20.700001,20.9,20.4,20.75,769150.0
2018-05-17,20.65,20.9,20.6,20.799999,691375.0
2018-05-18,20.799999,20.9,20.65,20.799999,376000.0
2018-05-21,20.85,21.0,20.799999,20.799999,1085510.0
2018-05-22,20.799999,20.9,20.75,20.85,741547.0
2018-05-23,20.799999,20.9,20.5,20.549999,1275924.0
2018-05-24,20.549999,20.65,20.450001,20.549999,874649.0
2018-05-25,20.549999,20.6,19.700001,19.950001,2993150.0
2018-05-28,19.9,20.049999,19.75,19.9,853000.0
2018-05-29,19.799999,20.299999,19.75,20.25,1269100.0
2018-05-30,20.049999,20.049999,19.799999,20.0,1143250.0
2018-05-31,20.049999,20.450001,19.9,20.200001,2111191.0
2018-06-01,20.200001,20.4,19.9,20.1,1217542.0
2018-06-04,20.25,20.299999,19.9,20.0,1142297.0
2018-06-05,19.950001,20.049999,19.9,20.0,1307695.0
2018-06-06,20.049999,20.049999,19.9,20.0,958650.0
2018-06-07,20.0,20.049999,19.9,19.950001,907767.0
2018-06-08,20.0,20.0,19.75,19.9,1535587.0
2018-06-11,19.9,20.299999,19.9,20.25,1109503.0
2018-06-12,20.200001,20.25,19.950001,20.0,844280.0
2018-06-13,20.049999,20.1,19.950001,20.0,689150.0
2018-06-14,20.0,20.15,19.85,19.9,1015000.0
2018-06-15,19.9,20.0,19.9,19.9,379050.0
2018-06-19,19.950001,19.950001,19.65,19.700001,1807000.0
2018-06-20,19.450001,19.65,19.35,19.65,1379030.0
2018-06-21,19.4,19.700001,19.4,19.700001,1051324.0
2018-06-22,19.799999,19.799999,19.6,19.700001,1221494.0
2018-06-25,19.75,19.85,19.700001,19.85,1139303.0
2018-06-26,19.75,19.75,19.25,19.299999,2870790.0
2018-06-27,19.299999,19.35,18.950001,19.0,4196694.0
2018-06-28,17.5,17.65,17.1,17.549999,4876048.0
2018-06-29,17.65,17.9,17.65,17.700001,725968.0
2018-07-02,17.700001,17.799999,17.15,17.200001,1176768.0
2018-07-03,17.1,17.200001,16.6,16.65,2180000.0
2018-07-04,16.65,16.65,16.1,16.200001,1376750.0
2018-07-05,16.15,16.549999,16.049999,16.4,366000.0
2018-07-06,16.4,16.450001,15.95,16.049999,786067.0
2018-07-09,16.049999,16.299999,16.0,16.049999,649232.0
2018-07-10,16.15,16.15,15.95,16.049999,572539.0
2018-07-11,16.049999,16.049999,15.95,16.0,628000.0
2018-07-12,16.0,16.25,16.0,16.15,350612.0
2018-07-13,16.200001,16.5,16.200001,16.4,555702.0
2018-07-16,16.4,16.5,16.35,16.4,461065.0
2018-07-17,16.4,16.5,16.35,16.4,209000.0
2018-07-18,16.5,16.5,16.35,16.4,217541.0
2018-07-19,16.4,16.5,16.35,16.35,139600.0
2018-07-20,16.4,16.450001,16.299999,16.35,184159.0
2018-07-23,16.35,16.35,16.200001,16.200001,371350.0
2018-07-24,16.299999,16.35,16.200001,16.25,382201.0
2018-07-25,16.35,16.450001,16.25,16.4,327625.0
2018-07-26,16.5,16.700001,16.5,16.65,468527.0
2018-07-27,16.700001,16.700001,16.549999,16.700001,398000.0
2018-07-30,16.799999,16.799999,16.5,16.700001,463625.0
2018-07-31,16.700001,16.75,16.6,16.6,308000.0
2018-08-01,16.65,16.700001,16.6,16.700001,204000.0
2018-08-02,16.700001,16.700001,16.5,16.549999,254900.0
2018-08-03,16.5,16.5,16.4,16.450001,392000.0
2018-08-06,16.549999,16.65,16.450001,16.65,331848.0
2018-08-07,16.65,16.65,16.450001,16.65,234550.0
2018-08-08,16.65,16.65,16.5,16.6,188010.0
2018-08-09,16.6,16.6,16.450001,16.450001,173721.0
2018-08-10,16.450001,16.5,16.35,16.4,184064.0
2018-08-13,16.35,16.35,15.65,15.85,833369.0
2018-08-14,15.7,15.85,15.6,15.7,594583.0
2018-08-15,15.7,15.7,15.5,15.55,375650.0
2018-08-16,15.5,15.5,15.35,15.5,506370.0
2018-08-17,15.5,15.5,15.35,15.4,390000.0
2018-08-20,15.35,15.4,15.25,15.25,325601.0
2018-08-21,15.25,15.3,15.2,15.25,393000.0
2018-08-22,15.3,15.35,15.25,15.3,164809.0
2018-08-23,15.4,15.55,15.3,15.5,719769.0
2018-08-24,15.5,15.5,15.35,15.4,164000.0
2018-08-27,15.3,15.45,15.3,15.45,244000.0
2018-08-28,15.5,15.9,15.5,15.85,417071.0
2018-08-29,15.8,15.85,15.75,15.8,195275.0
2018-08-30,15.9,15.9,15.65,15.7,347450.0
2018-08-31,15.7,15.8,15.6,15.75,173205.0
2018-09-03,15.75,15.75,15.55,15.6,240532.0
2018-09-04,15.6,15.75,15.5,15.75,237627.0
2018-09-05,15.65,15.7,15.65,15.65,60608.0
2018-09-06,15.65,15.65,15.5,15.55,132000.0
2018-09-07,15.6,15.65,15.2,15.45,363533.0
2018-09-10,15.45,15.45,15.2,15.35,378300.0
2018-09-11,15.35,15.35,15.15,15.3,401128.0
2018-09-12,15.3,15.65,15.25,15.5,480278.0
2018-09-13,15.6,16.200001,15.5,16.049999,863430.0
2018-09-14,16.200001,16.25,15.9,16.200001,373450.0
2018-09-17,16.25,16.35,16.15,16.25,298000.0
2018-09-18,16.15,16.6,16.15,16.5,723052.0
2018-09-19,16.549999,17.0,16.549999,16.700001,1330219.0
2018-09-20,16.75,16.75,16.450001,16.450001,579872.0
2018-09-21,16.5,16.5,16.4,16.5,280400.0
2018-09-25,16.5,16.5,16.35,16.450001,80497.0
2018-09-26,16.4,16.4,16.299999,16.35,250000.0
2018-09-27,16.299999,16.4,16.299999,16.299999,266606.0
2018-09-28,16.299999,16.5,16.25,16.4,325000.0
2018-10-01,16.4,16.450001,16.299999,16.4,151100.0
2018-10-02,16.4,16.4,16.25,16.299999,339000.0
2018-10-03,16.299999,16.5,16.25,16.35,259596.0
2018-10-04,16.299999,16.299999,15.9,16.15,348321.0
2018-10-05,16.049999,16.299999,15.55,15.9,976322.0
2018-10-08,16.0,16.299999,15.75,15.75,614332.0
2018-10-09,16.299999,16.4,15.9,16.0,1000150.0
2018-10-11,14.9,15.5,14.8,15.0,1111368.0
2018-10-12,14.8,15.15,14.8,15.1,704225.0
2018-10-15,15.1,15.15,14.8,15.0,829437.0
2018-10-16,15.0,15.1,14.9,15.0,486583.0
2018-10-17,15.1,15.2,14.75,14.95,1570075.0
2018-10-18,14.95,15.0,14.8,14.85,278000.0
2018-10-19,14.35,14.55,14.35,14.45,1833431.0
2018-10-22,14.7,14.7,14.45,14.6,230902.0
2018-10-23,14.5,14.6,14.4,14.5,333017.0
2018-10-24,14.5,14.6,14.25,14.6,595324.0
2018-10-25,14.2,14.35,14.1,14.25,811040.0
2018-10-26,14.3,14.35,13.9,14.25,1188658.0
2018-10-29,14.35,14.5,14.2,14.45,358174.0
2018-10-30,14.45,14.5,14.35,14.5,273000.0
2018-10-31,14.5,14.9,14.5,14.6,586075.0
2018-11-01,14.55,15.05,14.55,15.05,513075.0
2018-11-02,15.05,15.25,15.05,15.2,350050.0
2018-11-05,15.2,15.3,15.0,15.25,562000.0
2018-11-06,15.25,15.55,15.25,15.45,785000.0
2018-11-07,15.45,15.75,15.45,15.75,502075.0
2018-11-08,15.9,16.0,15.7,15.8,528022.0
2018-11-09,15.75,16.15,15.6,16.1,584681.0
2018-11-12,15.9,16.15,15.9,16.049999,297950.0
2018-11-13,15.8,16.049999,15.7,16.049999,559200.0
2018-11-14,16.0,16.0,15.75,15.85,353100.0
2018-11-15,15.85,16.0,15.8,16.0,145000.0
2018-11-16,15.9,15.95,15.8,15.85,254000.0
2018-11-19,15.85,15.9,15.6,15.9,1119808.0
2018-11-20,15.85,16.0,15.8,15.95,599125.0
2018-11-21,15.95,16.0,15.75,15.9,720500.0
2018-11-22,15.95,16.0,15.85,15.9,513615.0
2018-11-23,15.9,15.9,15.8,15.8,381875.0
2018-11-26,15.85,15.9,15.6,15.8,432100.0
2018-11-27,15.75,15.95,15.75,15.9,468600.0
2018-11-28,15.75,15.9,15.75,15.85,488025.0
2018-11-29,15.95,16.1,15.75,16.049999,1398370.0
2018-11-30,16.049999,16.049999,15.95,16.049999,344000.0
2018-12-03,16.049999,16.4,16.0,16.299999,1309226.0
2018-12-04,16.299999,16.35,16.15,16.35,917150.0
2018-12-05,16.15,16.35,16.049999,16.299999,845600.0
2018-12-06,16.299999,16.299999,15.9,15.95,895211.0
2018-12-07,15.95,16.200001,15.9,16.15,512300.0
2018-12-10,16.0,16.0,15.65,15.65,284000.0
2018-12-11,15.8,15.9,15.65,15.75,290126.0
2018-12-12,15.75,15.95,15.65,15.7,248030.0
2018-12-13,15.9,15.95,15.2,15.6,773202.0
2018-12-14,15.6,15.7,15.5,15.6,138525.0
2018-12-17,15.6,15.65,15.55,15.65,105300.0
2018-12-18,15.65,15.65,15.5,15.5,170150.0
2018-12-19,15.5,15.65,15.45,15.6,322376.0
2018-12-20,15.65,15.65,15.55,15.65,348000.0
2018-12-21,15.65,15.75,15.65,15.7,340500.0
2018-12-24,15.7,15.75,15.7,15.7,47218.0
2018-12-25,15.6,15.8,15.6,15.8,200750.0
2018-12-26,15.8,16.15,15.8,16.0,748688.0
2018-12-27,16.1,16.200001,16.049999,16.200001,449095.0
2018-12-28,16.200001,16.5,16.200001,16.4,934101.0
2019-01-02,16.450001,16.450001,16.200001,16.35,505237.0
2019-01-03,16.35,16.450001,16.25,16.35,579375.0
2019-01-04,16.35,16.5,16.299999,16.450001,864200.0
2019-01-07,16.549999,16.75,16.450001,16.65,1168733.0
2019-01-08,16.700001,17.200001,16.700001,16.950001,2055301.0
2019-01-09,17.0,17.200001,16.950001,17.15,1119460.0
2019-01-10,17.15,17.25,17.0,17.0,705300.0
2019-01-11,16.799999,17.1,16.75,16.799999,703271.0
2019-01-14,16.799999,16.9,16.75,16.799999,456150.0
2019-01-15,16.799999,17.1,16.799999,17.0,686450.0
2019-01-16,17.049999,17.049999,16.950001,17.049999,274002.0
2019-01-17,17.049999,17.1,16.950001,17.049999,561000.0
2019-01-18,16.950001,17.0,16.85,16.950001,252150.0
2019-01-21,16.950001,17.0,16.700001,16.950001,425142.0
2019-01-22,16.950001,17.0,16.799999,16.950001,119000.0
2019-01-23,16.950001,16.950001,16.799999,16.85,67000.0
2019-01-24,16.85,16.950001,16.75,16.9,269228.0
2019-01-25,16.799999,16.950001,16.75,16.799999,365450.0
2019-01-28,16.799999,16.950001,16.700001,16.9,438150.0
2019-01-29,16.85,16.85,16.799999,16.85,297245.0
2019-01-30,16.85,16.9,16.75,16.85,281477.0
2019-02-11,16.9,17.0,16.700001,16.85,738506.0
2019-02-12,16.75,16.85,16.700001,16.799999,306318.0
2019-02-13,16.799999,16.799999,16.6,16.799999,645278.0
2019-02-14,16.799999,17.1,16.799999,16.950001,919959.0
2019-02-15,16.950001,17.0,16.85,16.950001,248559.0
2019-02-18,17.0,17.15,16.75,17.0,750910.0
2019-02-19,17.0,17.0,16.9,17.0,186100.0
2019-02-20,17.0,17.25,16.9,17.200001,653337.0
2019-02-21,17.25,17.25,17.1,17.200001,245306.0
2019-02-22,17.200001,17.200001,17.0,17.15,182000.0
2019-02-25,17.049999,17.1,16.9,17.0,414375.0
2019-02-26,17.049999,17.049999,16.950001,16.950001,154075.0
2019-02-27,16.950001,17.0,16.950001,17.0,153200.0
2019-03-04,17.15,17.200001,16.9,17.1,222434.0
2019-03-05,17.0,17.049999,16.950001,17.049999,51475.0
2019-03-06,17.1,17.1,16.950001,17.1,226375.0
2019-03-07,17.0,17.049999,16.799999,17.0,316462.0
2019-03-08,17.0,17.0,16.85,16.950001,102501.0
2019-03-11,16.950001,16.950001,16.85,16.950001,138478.0
2019-03-12,17.0,17.1,16.950001,16.950001,478575.0
2019-03-13,16.950001,17.299999,16.950001,17.1,677662.0
2019-03-14,17.1,17.15,17.0,17.1,354626.0
2019-03-15,17.15,17.200001,17.0,17.1,379333.0
2019-03-18,17.15,17.15,17.0,17.1,133114.0
2019-03-19,17.15,17.25,17.049999,17.25,393521.0
2019-03-20,17.25,17.450001,17.1,17.25,961288.0
2019-03-21,17.299999,17.299999,17.1,17.25,239999.0
2019-03-22,17.25,17.25,17.1,17.200001,204387.0
2019-03-25,17.1,17.1,16.950001,17.1,475108.0
2019-03-26,17.1,17.15,17.049999,17.1,161627.0
2019-03-27,17.1,17.15,17.0,17.1,166162.0
2019-03-28,17.1,17.200001,17.049999,17.200001,374270.0
2019-03-29,17.25,17.25,17.15,17.200001,389375.0
2019-04-01,17.450001,17.9,17.4,17.700001,2194328.0
2019-04-02,17.9,17.950001,17.65,17.799999,798495.0
2019-04-03,17.799999,17.950001,17.799999,17.85,689200.0
2019-04-08,17.950001,18.1,17.85,18.0,851736.0
2019-04-09,18.049999,18.200001,18.0,18.15,611700.0
2019-04-10,18.1,18.15,17.9,18.0,555883.0
2019-04-11,18.0,18.0,17.700001,17.75,927705.0
2019-04-12,17.75,17.85,17.700001,17.75,244268.0
2019-04-15,17.700001,17.85,17.65,17.75,569725.0
2019-04-16,17.75,17.799999,17.6,17.65,537570.0
2019-04-17,17.65,17.799999,17.6,17.75,984083.0
2019-04-18,17.75,17.75,17.6,17.700001,420000.0
2019-04-19,17.75,17.75,17.65,17.65,279550.0
2019-04-22,17.65,17.75,17.65,17.700001,173549.0
2019-04-23,17.700001,17.700001,17.549999,17.6,353218.0
2019-04-24,17.75,17.75,17.65,17.75,225770.0
2019-04-25,17.799999,17.950001,17.75,17.9,472300.0
2019-04-26,17.85,17.950001,17.700001,17.75,393470.0
2019-04-29,17.75,17.75,17.450001,17.5,468059.0
2019-04-30,17.5,17.5,17.4,17.450001,314571.0
2019-05-02,17.4,17.5,17.1,17.5,1059359.0
2019-05-03,17.549999,17.75,17.549999,17.700001,459725.0
2019-05-06,17.75,17.75,17.4,17.450001,715472.0
2019-05-07,17.65,17.700001,17.5,17.6,317225.0
2019-05-08,17.5,17.65,17.5,17.5,380540.0
2019-05-09,17.5,17.549999,17.299999,17.4,574107.0
2019-05-10,17.4,17.5,17.299999,17.35,367268.0
2019-05-13,17.35,17.35,17.0,17.200001,738617.0
2019-05-14,16.950001,17.25,16.950001,17.15,316490.0
2019-05-15,17.15,17.4,17.15,17.4,176200.0
2019-05-16,17.4,17.5,17.299999,17.4,162000.0
2019-05-17,17.4,17.5,17.15,17.200001,259300.0
2019-05-20,17.25,17.4,17.15,17.35,151787.0
2019-05-21,17.4,17.6,17.299999,17.4,355750.0
2019-05-22,17.4,17.6,17.4,17.5,161400.0
2019-05-23,17.450001,17.5,17.299999,17.450001,147737.0
2019-05-24,17.450001,17.75,17.450001,17.700001,647806.0
2019-05-27,17.75,17.85,17.65,17.799999,563357.0
2019-05-28,17.799999,17.85,17.65,17.700001,179000.0
2019-05-29,17.700001,17.700001,17.5,17.700001,268750.0
2019-05-30,17.700001,17.75,17.549999,17.75,125352.0
2019-05-31,17.75,17.799999,17.65,17.75,493100.0
2019-06-03,17.85,17.85,17.6,17.799999,489647.0
2019-06-04,17.799999,17.9,17.799999,17.85,339341.0
2019-06-05,17.950001,18.049999,17.85,18.0,857828.0
2019-06-06,18.0,18.1,17.950001,18.049999,622972.0
2019-06-10,18.1,18.200001,18.049999,18.15,556261.0
2019-06-11,18.049999,18.1,17.9,18.0,680996.0
2019-06-12,17.9,18.0,17.85,17.9,313721.0
2019-06-13,17.9,17.950001,17.9,17.9,204825.0
2019-06-14,17.9,17.9,17.75,17.75,426050.0
2019-06-17,17.75,17.85,17.700001,17.75,231250.0
2019-06-18,17.75,17.799999,17.700001,17.799999,350000.0
2019-06-19,17.799999,17.85,17.700001,17.85,643551.0
2019-06-20,17.85,17.85,17.75,17.85,408000.0
2019-06-21,17.9,17.950001,17.75,17.950001,666292.0
2019-06-24,17.9,18.049999,17.85,18.0,858041.0
2019-06-25,18.0,18.049999,17.9,17.950001,568358.0
2019-06-26,17.85,17.950001,17.85,17.950001,883121.0
2019-06-27,17.799999,18.0,17.799999,17.950001,1443436.0
2019-06-28,17.950001,18.0,17.85,17.950001,1721368.0
2019-07-01,16.799999,16.85,16.700001,16.75,1732058.0
2019-07-02,16.799999,16.85,16.75,16.85,764445.0
2019-07-03,16.85,16.85,16.75,16.799999,407038.0
2019-07-04,16.85,16.9,16.75,16.9,347626.0
2019-07-05,16.799999,16.9,16.75,16.85,402421.0
2019-07-08,16.85,16.85,16.700001,16.700001,338500.0
2019-07-09,16.75,16.799999,16.65,16.75,292500.0
2019-07-10,16.75,16.75,16.65,16.75,296240.0
2019-07-11,16.65,16.75,16.6,16.65,510170.0
2019-07-12,16.65,16.700001,16.549999,16.6,419675.0
2019-07-15,16.549999,16.65,16.4,16.5,466418.0
2019-07-16,16.5,16.5,16.35,16.35,444300.0
2019-07-17,16.35,16.4,16.25,16.299999,280325.0
2019-07-18,16.299999,16.299999,16.25,16.299999,204194.0
2019-07-19,16.25,16.25,16.15,16.15,700509.0
2019-07-22,16.1,16.200001,16.049999,16.049999,516000.0
2019-07-23,16.049999,16.15,16.049999,16.1,271075.0
2019-07-24,16.15,16.25,16.1,16.15,206850.0
2019-07-25,16.15,16.200001,16.1,16.1,156000.0
2019-07-26,16.1,16.15,16.1,16.15,117075.0
2019-07-29,16.299999,16.299999,16.15,16.299999,184000.0
2019-07-30,16.299999,16.299999,16.1,16.15,267600.0
2019-07-31,16.25,16.25,16.15,16.200001,65300.0
2019-08-01,16.15,16.25,16.049999,16.25,152094.0
2019-08-02,16.15,16.15,15.9,16.049999,312236.0
2019-08-05,16.1,16.1,15.9,15.9,273070.0
2019-08-06,15.8,15.9,15.6,15.9,247930.0
2019-08-07,15.9,16.0,15.9,15.95,99000.0
2019-08-08,15.85,16.049999,15.85,16.049999,181053.0
2019-08-12,16.049999,16.4,16.049999,16.35,379428.0
2019-08-13,16.35,16.35,16.25,16.299999,206800.0
2019-08-14,16.4,16.4,16.25,16.4,280300.0
2019-08-15,16.35,16.35,16.1,16.25,187518.0
2019-08-16,16.299999,16.35,16.25,16.299999,174285.0
2019-08-19,16.35,16.35,16.25,16.25,203840.0
2019-08-20,16.25,16.25,16.0,16.200001,311030.0
2019-08-21,16.200001,16.25,16.1,16.25,140160.0
2019-08-22,16.35,16.35,16.1,16.25,136165.0
2019-08-23,16.200001,16.200001,16.15,16.200001,63730.0
2019-08-26,16.15,16.15,16.0,16.1,331000.0
2019-08-27,16.1,16.299999,16.1,16.15,210132.0
2019-08-28,16.15,16.25,16.1,16.25,164750.0
2019-08-29,16.299999,16.4,16.15,16.299999,700200.0
2019-08-30,16.299999,16.299999,16.15,16.200001,566100.0
2019-09-02,16.200001,16.299999,16.15,16.299999,407425.0
2019-09-03,16.299999,16.299999,16.200001,16.25,178000.0
2019-09-04,16.15,16.299999,16.15,16.25,266293.0
2019-09-05,16.299999,16.299999,16.15,16.25,675872.0
2019-09-06,16.25,16.35,16.200001,16.25,313225.0
2019-09-10,16.35,16.35,16.200001,16.299999,338075.0
2019-09-11,16.35,16.35,16.200001,16.25,387694.0
2019-09-12,16.299999,16.4,16.299999,16.4,387650.0
2019-09-16,16.4,16.450001,16.35,16.4,450000.0
2019-09-17,16.450001,16.799999,16.450001,16.700001,2747278.0
2019-09-18,16.700001,16.9,16.65,16.85,1439452.0
2019-09-19,16.85,16.950001,16.799999,16.799999,1186850.0
2019-09-20,16.85,16.85,16.700001,16.75,285298.0
2019-09-23,16.75,16.85,16.75,16.75,292802.0
2019-09-24,16.85,16.9,16.75,16.799999,455500.0
2019-09-25,16.85,16.85,16.700001,16.799999,453983.0
2019-09-26,16.799999,16.799999,16.65,16.700001,444128.0
2019-09-27,16.75,16.75,16.5,16.549999,537400.0
2019-10-01,16.549999,16.6,16.450001,16.549999,392468.0
2019-10-02,16.549999,16.549999,16.450001,16.5,180426.0
2019-10-03,16.450001,16.450001,16.4,16.4,233155.0
2019-10-04,16.4,16.450001,16.35,16.4,230857.0
2019-10-07,16.4,16.5,16.35,16.450001,375744.0
2019-10-08,16.4,16.5,16.4,16.450001,276390.0
2019-10-09,16.450001,16.450001,16.35,16.4,185351.0
2019-10-14,16.5,16.75,16.5,16.65,507842.0
2019-10-15,16.700001,16.950001,16.65,16.9,1432583.0
2019-10-16,16.950001,16.950001,16.75,16.85,487327.0
2019-10-17,16.799999,16.950001,16.799999,16.85,200325.0
2019-10-18,16.9,16.950001,16.75,16.75,751609.0
2019-10-21,16.85,16.85,16.700001,16.75,436150.0
2019-10-22,16.799999,16.799999,16.700001,16.75,484514.0
2019-10-23,16.700001,16.799999,16.700001,16.75,400065.0
2019-10-24,16.799999,16.85,16.75,16.85,453058.0
2019-10-25,16.85,16.85,16.75,16.85,446500.0
2019-10-28,16.85,16.85,16.75,16.799999,321100.0
2019-10-29,16.799999,16.799999,16.700001,16.799999,443401.0
2019-10-30,16.6,16.85,16.6,16.799999,695526.0
2019-10-31,16.799999,16.799999,16.65,16.75,302500.0
2019-11-01,16.75,16.75,16.65,16.75,789378.0
2019-11-04,16.75,16.85,16.75,16.85,314210.0
2019-11-05,16.9,16.950001,16.85,16.9,936307.0
2019-11-06,16.950001,16.950001,16.85,16.9,460098.0
2019-11-07,16.9,16.950001,16.85,16.950001,410494.0
2019-11-08,16.950001,17.0,16.9,16.950001,662650.0
2019-11-11,16.950001,17.35,16.950001,16.950001,2689436.0
2019-11-12,17.15,17.200001,16.950001,17.049999,1306425.0
2019-11-13,17.1,17.1,17.0,17.049999,902600.0
2019-11-14,17.15,17.25,17.049999,17.1,1094102.0
2019-11-15,17.200001,17.35,17.1,17.15,1817618.0
2019-11-18,17.25,17.299999,17.15,17.200001,1261025.0
2019-11-19,17.200001,17.299999,17.200001,17.25,1607680.0
2019-11-20,17.25,17.299999,17.15,17.299999,1032300.0
2019-11-21,17.299999,17.35,17.25,17.35,1263650.0
2019-11-22,17.35,17.799999,17.35,17.700001,3237805.0
2019-11-25,17.85,18.049999,17.799999,18.0,2160511.0
2019-11-26,18.1,18.299999,17.799999,18.200001,3374800.0
2019-11-27,18.200001,18.299999,17.950001,18.1,1454981.0
2019-11-28,18.1,18.1,17.85,18.049999,1550007.0
2019-11-29,17.9,18.049999,17.85,18.049999,1166757.0
2019-12-02,18.0,18.0,17.799999,17.799999,724501.0
2019-12-03,17.85,17.85,17.65,17.75,699053.0
2019-12-04,17.75,18.0,17.75,17.9,1077987.0
2019-12-05,17.9,18.049999,17.9,18.0,710600.0
2019-12-06,18.0,18.0,17.9,17.950001,326173.0
2019-12-09,18.0,18.0,17.799999,17.85,501803.0
2019-12-10,17.700001,17.75,17.549999,17.700001,1822995.0
2019-12-11,17.65,17.75,17.549999,17.700001,366000.0
2019-12-12,17.799999,17.799999,17.6,17.6,1046695.0
2019-12-13,17.6,17.6,17.35,17.35,1707645.0
2019-12-16,17.299999,17.65,17.299999,17.6,1366.0
2019-12-17,17.65,17.700001,17.5,17.6,582160.0
2019-12-18,17.6,17.6,17.450001,17.5,551375.0
2019-12-19,17.5,17.5,17.25,17.4,821064.0
2019-12-20,17.4,17.4,17.299999,17.35,303900.0
2019-12-23,17.35,17.5,17.299999,17.5,369139.0
2019-12-24,17.5,17.5,17.35,17.450001,461886.0
2019-12-25,17.4,17.450001,17.299999,17.450001,642000.0
2019-12-26,17.4,17.4,17.25,17.299999,632650.0
2019-12-27,17.299999,17.4,17.25,17.35,606234.0
2019-12-30,17.35,17.4,17.299999,17.299999,405219.0
2019-12-31,17.4,17.5,17.35,17.450001,569350.0
2020-01-02,17.450001,18.0,17.450001,17.950001,1433805.0
2020-01-03,17.950001,18.0,17.700001,18.0,1745831.0
2020-01-06,18.0,18.0,17.700001,17.85,856667.0
2020-01-07,17.85,17.85,17.549999,17.799999,1125601.0
2020-01-08,17.700001,17.75,17.35,17.549999,935384.0
2020-01-09,17.6,17.799999,17.5,17.799999,620651.0
2020-01-10,17.799999,17.85,17.65,17.85,510367.0
2020-01-13,17.75,17.85,17.700001,17.799999,251507.0
2020-01-14,17.75,18.15,17.4,17.549999,3289876.0
2020-01-15,17.6,17.65,17.35,17.450001,1272291.0
2020-01-16,17.549999,17.549999,17.450001,17.549999,371150.0
2020-01-17,17.6,17.65,17.450001,17.549999,487525.0
2020-01-20,17.549999,17.75,17.549999,17.65,483918.0
2020-01-30,17.35,17.450001,17.0,17.0,1849522.0
2020-01-31,17.049999,17.25,17.0,17.049999,606188.0
2020-02-03,16.75,16.799999,16.5,16.75,1144275.0
2020-02-04,17.299999,17.35,17.0,17.0,497760.0
2020-02-05,17.1,17.1,16.9,17.049999,533000.0
2020-02-06,17.049999,17.15,17.0,17.15,444500.0
2020-02-07,17.1,17.1,16.85,16.9,549363.0
2020-02-10,16.700001,16.799999,16.549999,16.799999,470300.0
2020-02-11,16.85,16.950001,16.799999,16.950001,362000.0
2020-02-12,16.950001,17.0,16.85,16.950001,274000.0
2020-02-13,16.950001,17.049999,16.9,17.0,426161.0
2020-02-14,16.9,17.0,16.85,16.950001,486873.0
2020-02-17,16.9,16.950001,16.85,16.9,355644.0
2020-02-18,16.9,17.0,16.9,16.9,284075.0
2020-02-19,16.9,17.1,16.9,17.1,546034.0
2020-02-20,17.1,17.1,17.0,17.0,363297.0
2020-02-21,16.9,17.0,16.9,17.0,553600.0
2020-02-24,16.75,16.950001,16.75,16.9,436751.0
2020-02-25,16.799999,16.85,16.700001,16.75,621640.0
2020-02-26,16.65,16.75,16.65,16.65,1300243.0
2020-02-27,16.700001,16.799999,16.4,16.4,1744700.0
2020-03-02,16.049999,16.35,16.0,16.1,1235422.0
2020-03-03,16.35,16.5,16.35,16.4,388200.0
2020-03-04,16.4,16.4,16.25,16.35,428548.0
2020-03-05,16.5,16.5,16.4,16.5,255200.0
2020-03-06,16.0,16.0,15.5,15.7,4270500.0
2020-03-09,15.5,15.55,14.75,14.8,2696371.0
2020-03-10,14.5,14.7,14.3,14.7,1477941.0
2020-03-11,14.8,14.95,14.6,14.7,677375.0
2020-03-12,14.3,14.45,13.7,13.8,2168115.0
2020-03-13,12.8,13.1,12.45,13.05,2352306.0
2020-03-16,12.9,12.95,12.35,12.35,1142359.0
2020-03-17,11.7,12.2,11.55,11.65,1359600.0
2020-03-18,11.6,11.6,11.2,11.2,1087675.0
2020-03-19,11.0,11.0,10.15,10.25,1886000.0
2020-03-20,10.4,11.05,10.4,10.95,1065701.0
2020-03-23,10.35,10.75,10.3,10.7,654002.0
2020-03-24,10.75,11.25,10.75,11.1,451020.0
2020-03-25,11.4,11.9,11.4,11.75,1165060.0
2020-03-26,11.7,11.7,11.5,11.6,751895.0
2020-03-27,11.7,11.85,11.6,11.6,772200.0
2020-03-30,11.4,11.55,11.3,11.55,392400.0
2020-03-31,11.55,11.7,11.45,11.55,455400.0
2020-04-01,11.35,11.6,11.35,11.5,362500.0
2020-04-06,11.5,11.55,11.1,11.5,632250.0
2020-04-07,11.6,11.85,11.6,11.85,626075.0
2020-04-08,11.8,12.2,11.7,12.2,813000.0
2020-04-09,12.3,12.5,12.3,12.35,759104.0
2020-04-10,12.4,12.65,12.35,12.6,578409.0
2020-04-13,12.5,12.5,12.2,12.45,414000.0
2020-04-14,12.45,12.5,12.35,12.45,691075.0
2020-04-15,12.5,12.8,12.5,12.75,906307.0
2020-04-16,12.7,12.75,12.5,12.6,344130.0
2020-04-17,12.75,12.8,12.55,12.6,689500.0
2020-04-20,12.65,12.7,12.45,12.55,305980.0
2020-04-21,12.5,12.5,12.15,12.15,1349268.0
2020-04-22,11.95,12.25,11.95,12.2,431000.0
2020-04-23,12.35,12.35,12.2,12.3,328118.0
2020-04-24,12.25,12.4,12.25,12.35,177620.0
2020-04-27,12.4,12.5,12.3,12.5,660228.0
2020-04-28,12.5,12.55,12.45,12.5,431416.0
2020-04-29,12.55,12.95,12.55,12.85,1437613.0
2020-04-30,13.05,13.4,13.0,13.2,978475.0
2020-05-04,13.0,13.0,12.7,12.85,685048.0
2020-05-05,13.0,13.0,12.7,12.8,455317.0
2020-05-06,12.8,12.85,12.65,12.85,280137.0
2020-05-07,12.85,12.95,12.7,12.85,303269.0
2020-05-08,12.85,12.95,12.8,12.9,292300.0
2020-05-11,12.95,13.3,12.85,13.15,562325.0
2020-05-12,12.9,13.1,12.75,13.05,791322.0
2020-05-13,12.8,12.9,12.35,12.4,2142850.0
2020-05-14,12.25,12.35,12.05,12.1,938400.0
2020-05-15,12.25,12.25,11.9,12.05,631542.0
2020-05-18,11.95,12.1,11.95,12.05,179605.0
2020-05-19,12.05,12.3,12.05,12.3,264300.0
2020-05-20,12.3,12.4,12.1,12.15,580900.0
2020-05-21,12.15,12.45,12.15,12.4,338557.0
2020-05-22,12.45,12.5,12.25,12.3,534000.0
2020-05-25,12.3,12.35,12.05,12.15,662225.0
2020-05-26,12.15,12.65,12.15,12.45,933550.0
2020-05-27,12.6,12.6,12.4,12.5,615450.0
2020-05-28,12.55,12.65,12.45,12.55,674232.0
2020-05-29,12.45,12.55,12.4,12.55,266869.0
2020-06-01,12.65,12.9,12.65,12.85,626434.0
2020-06-02,12.95,13.1,12.85,12.85,656150.0
2020-06-03,12.95,13.15,12.9,13.1,944242.0
2020-06-04,13.2,13.35,13.1,13.2,635247.0
2020-06-05,13.2,13.3,13.15,13.25,547275.0
2020-06-08,13.3,13.45,13.15,13.25,774496.0
2020-06-09,13.4,13.85,13.25,13.7,950500.0
2020-06-10,13.85,14.2,13.85,14.15,1633090.0
2020-06-11,14.15,14.15,13.6,13.6,1456709.0
2020-06-12,13.1,13.35,13.0,13.35,769075.0
2020-06-15,13.35,13.35,13.05,13.1,588845.0
2020-06-16,13.25,13.45,13.15,13.4,452470.0
2020-06-17,13.4,13.6,13.3,13.55,259855.0
2020-06-18,13.75,13.75,13.55,13.65,586500.0
2020-06-19,13.65,13.7,13.3,13.3,708725.0
2020-06-22,13.35,13.55,13.35,13.4,288437.0
2020-06-23,13.4,13.5,13.3,13.4,362375.0
2020-06-24,13.4,13.4,13.3,13.35,315602.0
2020-06-29,13.3,13.35,13.05,13.1,731103.0
2020-06-30,13.2,13.25,13.15,13.2,453444.0
2020-07-01,13.2,13.45,13.15,13.45,973563.0
2020-07-02,12.95,13.05,12.9,13.0,575643.0
2020-07-03,12.95,13.05,12.9,12.95,674803.0
2020-07-06,12.95,13.05,12.9,13.0,445220.0
2020-07-07,13.1,13.1,12.9,12.95,440900.0
2020-07-08,12.95,13.1,12.95,13.1,491258.0
2020-07-09,13.2,13.25,12.95,12.95,784329.0
2020-07-10,13.0,13.0,12.75,12.8,633483.0
2020-07-13,12.85,12.9,12.8,12.85,352493.0
2020-07-14,12.9,13.15,12.8,13.05,460030.0
2020-07-15,13.05,13.2,12.9,13.15,594560.0
2020-07-16,13.15,13.2,13.05,13.15,242200.0
2020-07-17,13.15,13.15,12.85,12.95,490730.0
2020-07-20,12.95,13.0,12.8,12.9,86500.0
2020-07-21,13.0,13.0,12.85,12.9,227488.0
2020-07-22,12.9,13.0,12.9,12.95,310325.0
2020-07-23,13.0,13.0,12.85,12.85,145360.0
2020-07-24,12.85,12.85,12.6,12.6,509321.0
2020-07-27,12.6,12.7,12.05,12.2,1093075.0
2020-07-28,12.15,12.25,11.9,11.95,611676.0
2020-07-29,12.0,12.5,12.0,12.25,304827.0
2020-07-30,12.3,12.3,12.15,12.2,280403.0
2020-07-31,12.3,12.3,12.15,12.25,226350.0
2020-08-03,12.35,12.35,12.1,12.2,200750.0
2020-08-04,12.2,12.45,12.2,12.35,345598.0
2020-08-05,12.35,12.65,12.35,12.6,276401.0
2020-08-06,12.6,12.7,12.4,12.45,377240.0
2020-08-07,12.6,12.8,12.4,12.55,452800.0
2020-08-10,12.6,12.75,12.6,12.75,175500.0
2020-08-11,12.85,13.35,12.85,13.2,1438804.0
2020-08-12,13.2,13.3,13.0,13.2,439226.0
2020-08-13,13.2,13.2,13.0,13.1,323547.0
2020-08-14,13.1,13.2,12.9,13.05,637800.0
2020-08-17,13.05,13.4,13.05,13.15,801000.0
2020-08-18,13.35,13.35,13.1,13.25,674075.0
2020-08-19,13.3,13.7,13.25,13.35,1121229.0
2020-08-20,13.4,13.5,12.9,13.15,1059522.0
2020-08-21,13.25,13.45,13.15,13.4,538923.0
2020-08-24,13.45,13.95,13.35,13.55,1105834.0
2020-08-25,13.6,13.7,13.5,13.55,558100.0
2020-08-26,13.6,13.75,13.6,13.65,461861.0
2020-08-27,13.7,13.85,13.65,13.75,751574.0
2020-08-28,13.7,13.8,13.6,13.7,421500.0
2020-08-31,13.8,14.0,13.75,13.9,1039500.0
2020-09-01,13.9,14.65,13.9,14.4,2042260.0
2020-09-02,14.85,15.35,14.75,15.15,5451770.0
2020-09-03,15.2,15.3,14.95,15.1,1758784.0
2020-09-04,14.75,15.55,14.75,15.2,1599154.0
2020-09-07,15.35,15.35,15.05,15.2,945375.0
2020-09-08,15.3,15.5,15.15,15.25,1248370.0
2020-09-09,15.15,15.7,15.15,15.7,1601188.0
2020-09-10,15.9,16.25,15.5,15.6,2211921.0
2020-09-11,15.6,15.65,15.2,15.3,1392490.0
2020-09-14,15.25,15.4,15.15,15.2,710000.0
2020-09-15,15.2,15.4,15.2,15.3,506021.0
2020-09-16,15.4,15.4,15.05,15.05,667846.0
2020-09-17,15.2,15.2,15.05,15.15,297894.0
2020-09-18,15.4,15.4,15.2,15.25,399076.0
2020-09-21,15.15,15.25,15.1,15.25,159313.0
2020-09-22,15.15,15.15,14.75,14.75,798202.0
2020-09-23,14.65,14.75,14.2,14.25,1806000.0
2020-09-24,14.05,14.45,14.05,14.25,953788.0
2020-09-25,14.15,14.4,14.0,14.3,1056613.0
2020-09-28,14.4,14.55,14.35,14.5,147600.0
2020-09-29,14.6,14.75,14.4,14.45,236054.0
2020-09-30,14.4,14.45,14.35,14.4,192000.0
2020-10-05,14.4,14.65,14.4,14.55,337131.0
2020-10-06,14.6,14.95,14.6,14.9,408747.0
2020-10-07,14.85,14.95,14.75,14.95,160787.0
2020-10-08,15.0,15.0,14.6,14.7,281000.0
2020-10-12,14.8,14.95,14.7,14.8,212467.0
2020-10-13,15.05,15.1,14.9,14.95,525006.0
2020-10-14,14.85,15.05,14.85,14.95,650313.0
2020-10-15,14.95,15.0,14.85,14.9,222467.0
2020-10-16,14.95,14.95,14.65,14.7,207000.0
2020-10-19,14.8,14.95,14.75,14.9,216745.0
2020-10-20,14.8,15.0,14.7,14.9,207000.0
2020-10-21,15.0,15.45,14.95,15.2,1095467.0
2020-10-22,15.25,15.55,15.25,15.4,1450310.0
2020-10-23,15.6,16.049999,15.55,16.0,2394760.0
2020-10-26,16.15,16.299999,15.85,15.85,1900200.0
2020-10-27,15.7,15.9,15.6,15.8,730450.0
2020-10-28,15.8,15.9,15.7,15.7,487128.0
2020-10-29,15.3,15.55,15.2,15.5,647001.0
2020-10-30,15.65,15.65,15.3,15.35,246428.0
2020-11-02,15.3,15.35,15.1,15.2,436100.0
2020-11-03,15.1,15.5,15.1,15.45,588524.0
2020-11-04,15.45,15.45,15.35,15.45,200100.0
2020-11-05,15.45,15.5,15.3,15.4,218225.0
2020-11-06,15.45,15.8,15.45,15.8,1197889.0
2020-11-09,15.85,16.0,15.75,15.8,1049125.0
2020-11-10,15.9,15.9,15.5,15.55,653107.0
2020-11-11,15.6,15.75,15.55,15.65,723502.0
2020-11-12,15.7,15.85,15.5,15.65,366234.0
2020-11-13,15.65,15.7,15.6,15.65,261075.0
2020-11-16,15.65,15.7,15.55,15.7,776422.0
2020-11-17,15.75,15.75,15.65,15.75,510355.0
2020-11-18,15.8,15.85,15.6,15.7,543718.0
2020-11-19,15.7,15.75,15.5,15.55,856875.0
2020-11-20,15.6,15.6,15.45,15.45,488000.0
2020-11-23,15.5,15.6,15.45,15.6,453257.0
2020-11-24,15.6,15.6,15.45,15.45,362664.0
2020-11-25,15.55,16.25,15.55,15.75,3084860.0
2020-11-26,15.9,16.0,15.7,15.7,875482.0
2020-11-27,15.8,15.8,15.7,15.8,529366.0
2020-11-30,15.85,16.15,15.85,16.049999,2757515.0
2020-12-01,16.049999,16.200001,15.9,16.0,786649.0
2020-12-02,16.0,16.35,15.9,16.1,1389151.0
2020-12-03,16.15,16.200001,16.1,16.15,924039.0
2020-12-04,16.15,16.15,15.95,16.0,819325.0
2020-12-07,16.0,16.0,15.85,15.95,749004.0
2020-12-08,15.95,16.0,15.6,15.7,1225737.0
2020-12-09,15.7,15.8,15.6,15.65,723500.0
2020-12-10,15.65,15.8,15.55,15.55,582495.0
2020-12-11,15.6,15.6,15.2,15.35,1840900.0
2020-12-14,15.4,15.5,15.35,15.4,376350.0
2020-12-15,15.45,15.45,15.25,15.3,493894.0
2020-12-16,15.4,15.45,15.25,15.3,1376075.0
2020-12-17,15.35,15.4,15.1,15.25,906625.0
2020-12-18,15.25,15.3,15.2,15.3,665000.0
2020-12-21,15.3,15.3,15.1,15.15,602725.0
2020-12-22,15.15,15.15,15.0,15.05,956995.0
2020-12-23,15.05,15.05,14.85,15.0,1031416.0
2020-12-24,14.95,15.1,14.95,15.05,591225.0
2020-12-25,15.1,15.1,15.0,15.05,483500.0
2020-12-28,15.05,15.1,14.9,14.95,762450.0
2020-12-29,15.0,15.05,14.95,15.0,793709.0
2020-12-30,15.0,15.3,15.0,15.2,682150.0
2020-12-31,15.3,15.3,15.1,15.25,475383.0
2021-01-04,15.25,15.35,15.2,15.3,464297.0
2021-01-05,15.3,15.3,15.25,15.3,368000.0
2021-01-06,15.35,15.35,15.05,15.2,1379416.0
2021-01-07,15.2,15.2,15.05,15.2,594085.0
2021-01-08,15.2,15.2,15.05,15.2,436700.0
2021-01-11,15.15,15.15,15.05,15.15,459246.0
2021-01-12,15.15,15.3,15.05,15.1,607101.0
2021-01-13,15.05,15.15,15.05,15.15,714125.0
2021-01-14,15.15,15.2,15.05,15.1,596754.0
2021-01-15,15.1,15.1,15.0,15.1,685626.0
2021-01-18,15.05,15.05,14.8,15.05,896547.0
2021-01-19,15.0,15.1,14.95,15.05,322608.0
2021-01-20,15.05,15.05,14.8,14.9,894824.0
2021-01-21,14.85,14.95,14.8,14.85,749000.0
2021-01-22,14.85,14.95,14.8,14.85,387575.0
2021-01-25,14.85,15.0,14.85,15.0,528851.0
2021-01-26,15.0,15.0,14.85,15.0,739208.0
2021-01-27,14.9,14.95,14.85,14.9,482801.0
2021-01-28,14.8,14.9,14.75,14.9,546051.0
2021-01-29,14.9,14.9,14.75,14.85,333250.0
2021-02-01,14.85,14.9,14.75,14.8,428128.0
2021-02-02,14.8,15.0,14.8,14.9,301000.0
2021-02-03,14.85,15.0,14.85,14.9,171075.0
2021-02-04,14.85,14.95,14.85,14.9,320000.0
2021-02-05,15.0,15.05,14.95,15.0,339150.0
2021-02-17,15.2,15.3,15.1,15.25,613750.0
2021-02-18,15.25,15.6,15.25,15.5,1374500.0
2021-02-19,15.55,15.55,15.4,15.5,611148.0
2021-02-22,15.6,16.049999,15.5,15.85,3280600.0
2021-02-23,15.85,16.0,15.5,15.85,2417626.0
2021-02-24,15.85,16.049999,15.8,15.95,1092953.0
2021-02-25,15.95,16.1,15.85,16.049999,1047125.0
2021-02-26,15.9,16.0,15.85,15.95,1140501.0
2021-03-02,16.0,16.15,16.0,16.0,988546.0
2021-03-03,16.1,16.15,15.95,16.15,1323595.0
2021-03-04,16.15,16.200001,16.049999,16.15,881303.0
2021-03-05,16.1,16.200001,16.049999,16.15,722418.0
2021-03-08,16.25,16.5,16.200001,16.4,1463331.0
2021-03-09,16.4,16.450001,16.299999,16.4,715795.0
2021-03-10,16.25,16.4,16.200001,16.4,748516.0
2021-03-11,16.4,16.450001,16.299999,16.4,752225.0
2021-03-12,16.450001,16.5,16.299999,16.5,1116030.0
2021-03-15,16.5,16.799999,16.5,16.700001,1211375.0
2021-03-16,16.85,16.85,16.65,16.700001,886169.0
2021-03-17,16.799999,16.799999,16.65,16.75,878270.0
2021-03-18,16.75,16.75,16.5,16.549999,3282500.0
2021-03-19,16.549999,16.6,16.5,16.549999,745924.0
2021-03-22,16.549999,16.700001,16.5,16.5,711300.0
2021-03-23,16.549999,16.6,16.450001,16.5,814594.0
2021-03-24,16.5,16.6,16.5,16.549999,320121.0
2021-03-25,16.549999,16.799999,16.549999,16.799999,920100.0
2021-03-26,16.9,17.0,16.799999,16.950001,1307897.0
2021-03-29,17.049999,17.049999,16.9,17.049999,1400001.0
2021-03-30,17.1,17.1,17.0,17.0,638825.0
2021-03-31,17.0,17.049999,16.950001,17.0,536106.0
2021-04-01,17.0,17.0,16.9,16.950001,475003.0
2021-04-07,16.85,17.0,16.799999,16.950001,1424576.0
2021-04-08,16.950001,17.0,16.85,16.950001,821788.0
2021-04-09,16.950001,16.950001,16.799999,16.9,1064912.0
2021-04-12,17.450001,18.15,17.450001,17.950001,6275851.0
2021-04-13,17.950001,18.0,17.700001,17.9,2883648.0
2021-04-14,17.9,18.15,17.450001,17.65,2659306.0
2021-04-15,17.799999,17.9,17.700001,17.85,1231980.0
2021-04-16,17.85,18.450001,17.85,18.299999,4743038.0
2021-04-19,18.4,18.799999,18.35,18.75,3754691.0
2021-04-20,18.799999,18.9,18.5,18.6,2881246.0
2021-04-21,18.549999,18.799999,18.450001,18.75,2166591.0
2021-04-22,18.9,18.950001,18.6,18.9,4266175.0
2021-04-23,18.85,18.9,18.549999,18.75,2358349.0
2021-04-26,18.799999,18.85,18.6,18.75,1378773.0
2021-04-27,18.700001,18.85,18.700001,18.799999,1428101.0
2021-04-28,18.85,20.5,18.85,19.75,13799289.0
2021-04-29,19.4,19.5,19.200001,19.299999,3690004.0
2021-05-03,19.299999,19.299999,18.65,18.700001,3789525.0
2021-05-04,18.700001,18.950001,17.6,18.049999,4490200.0
2021-05-05,18.299999,18.75,17.85,18.450001,2064000.0
2021-05-06,18.549999,18.75,18.1,18.450001,1354544.0
2021-05-07,18.450001,18.700001,18.299999,18.65,901350.0
2021-05-10,17.9,18.0,17.25,17.6,5726839.0
2021-05-11,17.700001,17.799999,17.1,17.25,2323805.0
2021-05-12,17.200001,17.5,15.65,16.25,4129559.0
2021-05-13,15.9,16.299999,15.35,16.15,2177003.0
2021-05-14,16.15,16.450001,15.9,16.1,1348623.0
2021-05-17,15.1,15.75,14.7,14.9,2403715.0
2021-05-18,15.05,15.95,15.05,15.95,779100.0
2021-05-19,16.200001,16.299999,15.7,15.9,733383.0
2021-05-20,16.0,16.0,15.8,15.95,396375.0
2021-05-21,16.0,16.15,15.9,16.049999,519406.0
2021-05-24,16.0,16.15,15.8,16.049999,292017.0
2021-05-25,16.15,16.35,16.049999,16.25,576020.0
2021-05-26,16.4,16.6,16.299999,16.549999,303500.0
2021-05-27,16.549999,16.6,16.4,16.549999,363325.0
2021-05-28,16.65,16.75,16.549999,16.65,616000.0
2021-05-31,16.65,16.85,16.65,16.75,727428.0
2021-06-01,16.700001,16.799999,16.6,16.75,376608.0
2021-06-02,16.75,16.950001,16.75,16.9,451893.0
2021-06-03,16.950001,17.1,16.85,17.0,532400.0
2021-06-04,17.0,17.1,17.0,17.0,372600.0
2021-06-07,17.0,17.049999,16.5,16.950001,564046.0
2021-06-08,16.950001,17.0,16.799999,16.85,334188.0
2021-06-09,16.85,16.9,16.75,16.799999,316075.0
2021-06-10,16.4,16.65,16.4,16.6,1301400.0
2021-06-11,16.85,16.85,16.549999,16.6,284154.0
2021-06-15,16.6,16.799999,16.6,16.700001,356225.0
2021-06-16,16.799999,16.799999,16.700001,16.700001,419010.0
2021-06-17,16.700001,16.799999,16.6,16.799999,482300.0
2021-06-18,16.6,16.9,16.6,16.799999,487000.0
2021-06-21,16.799999,16.799999,16.6,16.75,348929.0
2021-06-22,16.75,17.15,16.75,17.049999,798088.0
2021-06-23,17.049999,17.299999,17.049999,17.1,439000.0
2021-06-24,17.1,17.1,16.950001,17.049999,469375.0
2021-06-25,17.25,17.25,17.049999,17.15,300200.0
2021-06-28,17.15,17.25,17.1,17.200001,312800.0
2021-06-29,17.25,17.25,17.049999,17.15,336264.0
2021-06-30,17.15,17.450001,17.049999,17.299999,938300.0
2021-07-01,17.4,17.75,17.299999,17.35,819777.0
2021-07-02,17.4,17.799999,17.4,17.65,711449.0
2021-07-05,17.65,18.049999,17.6,17.85,731501.0
2021-07-06,17.950001,18.1,17.799999,17.950001,901712.0
2021-07-07,18.1,18.1,17.700001,17.799999,460228.0
2021-07-08,17.950001,17.950001,17.65,17.75,326317.0
2021-07-09,17.700001,17.75,17.5,17.6,1013382.0
2021-07-12,17.75,17.799999,17.5,17.6,712164.0
2021-07-13,17.85,17.85,17.6,17.6,338372.0
2021-07-14,17.65,17.700001,17.450001,17.6,643467.0
2021-07-15,17.6,17.65,17.5,17.65,1013100.0
2021-07-16,17.700001,17.799999,17.549999,17.65,601300.0
2021-07-19,17.700001,17.85,17.6,17.65,639533.0
2021-07-20,17.65,17.75,17.6,17.65,1004100.0
2021-07-21,17.65,17.700001,17.4,17.65,708203.0
2021-07-22,17.65,17.700001,17.5,17.5,293053.0
2021-07-23,17.6,17.700001,17.5,17.549999,299000.0
2021-07-26,17.549999,17.549999,17.450001,17.5,241140.0
2021-07-27,17.5,17.5,17.299999,17.35,807102.0
2021-07-28,17.299999,17.299999,17.1,17.200001,1147162.0
2021-07-29,17.450001,17.450001,17.15,17.35,292366.0
2021-07-30,17.25,17.4,17.200001,17.25,305000.0
2021-08-02,17.299999,17.35,17.15,17.25,189225.0
2021-08-03,17.200001,17.4,17.200001,17.35,84450.0
2021-08-04,17.5,17.5,17.299999,17.35,238069.0
2021-08-05,17.200001,17.4,17.200001,17.35,351882.0
2021-08-06,17.299999,17.299999,17.15,17.299999,366178.0
2021-08-09,17.200001,17.299999,17.049999,17.25,442875.0
2021-08-10,17.450001,17.450001,17.1,17.25,401375.0
2021-08-11,17.15,17.15,16.9,17.0,1956394.0
2021-08-12,17.200001,17.200001,16.950001,17.0,490850.0
2021-08-13,17.0,17.0,16.85,16.9,512379.0
2021-08-16,16.9,16.9,16.0,16.35,618002.0
2021-08-17,16.35,16.35,16.35,16.35,0.0
2021-08-18,16.200001,16.5,15.9,16.4,849694.0
2021-08-19,16.200001,16.200001,15.75,15.8,520000.0
2021-08-20,16.15,16.15,15.55,15.65,245182.0
2021-08-23,15.65,15.9,15.65,15.75,234227.0
2021-08-24,15.85,15.85,15.55,15.6,283000.0
2021-08-25,15.7,15.8,15.6,15.75,210775.0
2021-08-26,15.85,15.85,15.6,15.7,211037.0
2021-08-27,15.8,15.85,15.7,15.75,198305.0
2021-08-30,15.8,16.0,15.75,15.9,190000.0
2021-08-31,16.0,16.049999,15.9,15.95,258659.0
2021-09-01,15.95,16.0,15.85,16.0,287162.0
2021-09-02,16.0,16.0,15.75,15.85,113201.0
2021-09-03,15.85,15.95,15.75,15.85,139418.0
2021-09-06,15.85,15.85,15.65,15.75,180124.0
2021-09-07,15.65,15.8,15.65,15.7,144010.0
2021-09-08,15.65,15.7,15.55,15.55,241000.0
2021-09-09,15.7,15.7,15.5,15.6,173000.0
2021-09-10,15.8,15.8,15.65,15.75,165900.0
2021-09-13,15.75,15.75,15.55,15.65,343300.0
2021-09-14,15.8,15.8,15.6,15.65,322184.0
2021-09-15,15.7,15.75,15.6,15.65,101270.0
2021-09-16,15.65,15.7,15.6,15.65,263818.0
2021-09-17,15.6,15.6,15.25,15.45,1226350.0
2021-09-22,15.35,15.35,15.15,15.35,296250.0
2021-09-23,15.3,15.35,15.25,15.3,211750.0
2021-09-24,15.3,15.4,15.3,15.3,62625.0
2021-09-27,15.3,15.55,15.3,15.4,182000.0
2021-09-28,15.4,15.45,15.35,15.4,94395.0
2021-09-29,15.4,15.4,15.25,15.35,201400.0
2021-09-30,15.3,15.4,15.3,15.3,152070.0
2021-10-01,15.3,15.35,15.15,15.2,339200.0
2021-10-04,15.2,15.2,14.8,15.0,449500.0
2021-10-05,14.95,15.0,14.85,15.0,236049.0
2021-10-06,15.0,15.1,14.95,15.1,138000.0
2021-10-07,15.1,15.3,15.1,15.25,131070.0
2021-10-08,15.2,15.3,15.15,15.25,99650.0
2021-10-12,15.1,15.15,15.05,15.05,99066.0
2021-10-13,15.3,15.3,15.0,15.1,182910.0
2021-10-14,15.15,15.25,15.1,15.15,214075.0
2021-10-15,15.25,15.25,15.1,15.2,288900.0
2021-10-18,15.2,15.25,15.15,15.2,81000.0
2021-10-19,15.2,15.3,15.1,15.3,221507.0
2021-10-20,15.25,15.3,15.2,15.3,168445.0
2021-10-21,15.3,15.3,15.2,15.25,256000.0
2021-10-22,15.3,15.35,15.25,15.25,80000.0
2021-10-25,15.25,15.25,15.15,15.25,147970.0
2021-10-26,15.35,15.4,15.25,15.3,369128.0
2021-10-27,15.3,15.35,15.3,15.35,222200.0
2021-10-28,15.4,15.45,15.35,15.45,187425.0
2021-10-29,15.5,15.5,15.35,15.4,222005.0
2021-11-01,15.45,15.45,15.0,15.3,202606.0
2021-11-02,15.35,15.35,15.25,15.25,147000.0
2021-11-03,15.35,15.35,15.2,15.25,111000.0
2021-11-04,15.35,15.35,15.25,15.3,141000.0
2021-11-05,15.2,15.4,15.2,15.4,413100.0
2021-11-08,15.3,15.3,15.1,15.2,625275.0
2021-11-09,15.15,15.3,15.15,15.3,262000.0
2021-11-10,15.3,15.3,15.15,15.2,281079.0
2021-11-11,15.15,15.2,15.1,15.2,267975.0
2021-11-12,15.15,15.25,15.15,15.15,372000.0
2021-11-15,15.15,15.15,15.0,15.1,439658.0
2021-11-16,15.05,15.1,14.95,15.0,483906.0
2021-11-17,15.0,15.0,14.9,15.0,530075.0
2021-11-18,14.95,15.0,14.85,14.95,575325.0
2021-11-19,14.95,14.95,14.85,14.95,299001.0
2021-11-22,14.95,14.95,14.8,14.9,334420.0
2021-11-23,14.9,14.95,14.85,14.85,211000.0
2021-11-24,14.95,14.95,14.8,14.85,235797.0
2021-11-25,14.85,14.95,14.75,14.85,382000.0
2021-11-26,14.8,14.8,14.7,14.7,374225.0
2021-11-29,14.7,14.7,14.4,14.6,549000.0
2021-11-30,14.65,14.85,14.6,14.85,310500.0
2021-12-01,14.7,15.05,14.6,14.9,575001.0
2021-12-02,14.9,14.95,14.7,14.9,117000.0
2021-12-03,14.85,14.85,14.7,14.8,401000.0
2021-12-06,14.8,14.85,14.6,14.7,551294.0
2021-12-07,14.7,14.75,14.55,14.65,268000.0
2021-12-08,14.6,14.7,14.6,14.65,334128.0
2021-12-09,14.7,14.7,14.55,14.55,153818.0
2021-12-10,14.55,14.55,14.5,14.5,309718.0
2021-12-13,14.6,14.8,14.55,14.8,345000.0
2021-12-14,14.7,14.8,14.6,14.7,139000.0
2021-12-15,14.7,14.7,14.55,14.6,234134.0
2021-12-16,14.65,14.75,14.6,14.6,76086.0
2021-12-17,14.6,14.85,14.6,14.7,479000.0
2021-12-20,14.7,14.75,14.65,14.7,140075.0
2021-12-21,14.75,14.75,14.65,14.7,99000.0
2021-12-22,14.75,14.75,14.65,14.7,102672.0
2021-12-23,14.8,14.8,14.7,14.75,87340.0
2021-12-24,14.85,14.85,14.7,14.85,192000.0
2021-12-27,14.85,15.1,14.85,15.05,293520.0
2021-12-28,15.05,15.15,15.0,15.0,185200.0
2021-12-29,15.0,15.1,15.0,15.05,275553.0
2021-12-30,15.05,15.15,15.05,15.1,210001.0
2022-01-03,15.1,15.2,15.05,15.1,380714.0
2022-01-04,15.1,15.15,14.95,15.0,190368.0
2022-01-05,14.95,15.0,14.85,14.85,214200.0
2022-01-06,14.95,14.95,14.8,14.85,172000.0
2022-01-07,14.95,14.95,14.7,14.75,275813.0
2022-01-10,14.7,14.9,14.65,14.75,205000.0
2022-01-11,14.75,14.85,14.7,14.7,127000.0
2022-01-12,14.65,14.7,14.5,14.6,346000.0
2022-01-13,14.65,14.7,14.55,14.6,111097.0
2022-01-14,14.6,14.85,14.5,14.75,442516.0
2022-01-17,14.65,14.7,14.6,14.65,85075.0
2022-01-18,14.65,14.7,14.6,14.65,133075.0
2022-01-19,14.6,14.7,14.55,14.6,187000.0
2022-01-20,14.7,14.7,14.6,14.65,111027.0
2022-01-21,14.6,14.6,14.5,14.55,162200.0
2022-01-24,14.5,14.6,14.5,14.6,161000.0
2022-01-25,14.6,14.6,14.45,14.55,269001.0
2022-01-26,14.55,14.6,14.45,14.5,128000.0
2022-02-07,14.5,14.55,14.45,14.55,253000.0
2022-02-08,14.6,14.7,14.55,14.7,179400.0
2022-02-09,14.65,14.7,14.6,14.7,114004.0
2022-02-10,14.7,14.7,14.65,14.7,53500.0
2022-02-11,14.65,14.7,14.6,14.6,72392.0
2022-02-14,14.6,14.7,14.55,14.7,104400.0
2022-02-15,14.7,14.7,14.6,14.7,49000.0
2022-02-16,14.65,14.75,14.6,14.7,103150.0
2022-02-17,14.7,15.0,14.7,14.8,499000.0
2022-02-18,14.7,14.85,14.7,14.85,95000.0
2022-02-21,14.8,15.25,14.8,15.0,980300.0
2022-02-22,14.9,14.95,14.75,14.85,232075.0
2022-02-23,14.8,15.0,14.8,14.85,420001.0
2022-02-24,14.8,14.8,14.6,14.75,257273.0
2022-02-25,14.7,14.75,14.65,14.7,145349.0
2022-03-01,14.7,14.95,14.65,14.8,575200.0
2022-03-02,14.7,14.9,14.7,14.75,371000.0
2022-03-03,14.8,14.8,14.7,14.75,50075.0
2022-03-04,14.65,14.7,14.6,14.7,105000.0
2022-03-07,14.6,14.6,14.4,14.5,240750.0
2022-03-08,14.4,14.45,14.15,14.25,301000.0
2022-03-09,14.25,14.4,14.0,14.05,1113105.0
2022-03-10,14.05,14.25,14.05,14.1,518500.0
2022-03-11,14.1,14.2,13.9,13.95,398395.0
2022-03-14,14.0,14.0,13.8,13.9,249775.0
2022-03-15,13.9,13.9,13.35,13.45,621000.0
2022-03-16,13.45,13.7,13.35,13.4,363001.0
2022-03-17,13.75,13.85,13.55,13.6,243100.0
2022-03-18,13.6,13.6,13.3,13.5,385375.0
2022-03-21,13.5,13.55,13.45,13.5,224500.0
2022-03-22,13.5,13.85,13.5,13.55,578000.0
2022-03-23,13.65,13.65,13.5,13.6,224360.0
2022-03-24,13.5,13.6,13.5,13.55,160075.0
2022-03-25,13.55,13.55,13.35,13.35,264013.0
2022-03-28,13.35,13.35,13.15,13.3,257410.0
2022-03-29,13.3,13.3,13.1,13.15,518000.0
2022-03-30,13.2,13.25,13.05,13.1,444075.0
2022-03-31,13.1,13.15,13.05,13.1,219000.0
2022-04-01,13.05,13.2,13.05,13.1,353000.0
2022-04-06,13.05,13.1,13.0,13.05,296075.0
2022-04-07,13.0,13.05,12.95,13.05,214150.0
2022-04-08,13.1,13.1,12.95,12.95,188100.0
2022-04-11,12.95,12.95,12.7,12.75,468100.0
2022-04-12,12.7,12.7,12.35,12.55,848150.0
2022-04-13,12.5,12.55,12.3,12.35,728750.0
2022-04-14,12.35,12.45,12.3,12.4,195900.0
2022-04-15,12.35,12.55,12.35,12.55,236500.0
2022-04-18,12.6,12.85,12.55,12.8,610000.0
2022-04-19,12.95,13.05,12.85,13.0,516000.0
2022-04-20,13.0,13.05,12.85,12.95,266000.0
2022-04-21,12.95,12.95,12.75,12.75,261025.0
2022-04-22,12.75,12.8,12.55,12.55,301000.0
2022-04-25,12.5,12.5,12.2,12.3,557000.0
2022-04-26,12.25,12.45,12.1,12.25,443000.0
2022-04-27,12.2,12.2,12.0,12.2,302450.0
2022-04-28,12.2,12.35,12.15,12.25,389000.0
2022-04-29,12.25,12.35,12.25,12.3,167504.0
2022-05-03,12.25,12.3,12.15,12.25,127040.0
2022-05-04,12.25,12.3,12.15,12.15,296928.0
2022-05-05,12.2,12.2,12.15,12.2,179110.0
2022-05-06,12.05,12.25,12.05,12.25,165357.0
2022-05-09,12.15,12.35,12.0,12.05,282000.0
2022-05-10,12.05,12.2,12.0,12.2,218002.0
2022-05-11,12.2,12.2,11.9,12.0,316000.0
2022-05-12,11.95,12.0,11.65,11.8,454000.0
2022-05-13,11.8,11.9,11.8,11.9,168375.0
2022-05-16,11.85,12.0,11.7,11.9,283000.0
2022-05-17,12.0,12.15,11.9,12.0,190591.0
2022-05-18,11.95,12.0,11.95,12.0,178000.0
2022-05-19,11.85,11.95,11.8,11.95,139000.0
2022-05-20,12.0,12.05,11.95,12.05,183426.0
2022-05-23,12.05,12.05,11.95,12.0,133000.0
2022-05-24,12.0,12.0,11.95,12.0,160090.0
2022-05-25,11.95,12.05,11.9,12.05,146100.0
2022-05-26,12.05,12.1,11.95,12.05,137000.0
2022-05-27,12.05,12.1,12.05,12.05,140750.0
2022-05-30,12.1,12.2,12.05,12.2,190762.0
2022-05-31,12.2,12.2,12.05,12.2,98750.0
2022-06-01,12.2,12.2,12.05,12.2,131250.0
2022-06-02,12.2,12.2,12.05,12.15,151650.0
2022-06-06,12.15,12.2,12.1,12.15,119000.0
2022-06-07,12.15,12.25,12.15,12.2,82000.0
2022-06-08,12.2,12.25,12.15,12.2,68160.0
2022-06-09,12.25,12.25,12.1,12.15,251200.0
2022-06-10,12.05,12.2,12.05,12.15,100000.0
2022-06-13,12.05,12.2,12.0,12.2,143000.0
2022-06-14,12.2,12.2,12.05,12.2,118000.0
2022-06-15,12.1,12.25,12.1,12.2,194511.0
2022-06-16,12.25,12.3,12.15,12.2,260000.0
2022-06-17,12.2,12.2,12.05,12.2,176000.0
2022-06-20,12.15,12.15,12.0,12.1,282000.0
2022-06-21,12.15,12.2,12.05,12.15,158075.0
2022-06-22,12.2,12.2,12.0,12.05,298000.0
2022-06-23,12.05,12.15,12.0,12.15,199000.0
2022-06-24,12.15,12.2,12.05,12.05,232906.0
2022-06-27,12.15,12.2,12.1,12.2,124300.0
2022-06-28,12.1,12.15,12.05,12.15,80233.0
2022-06-29,12.05,12.1,11.9,11.9,260300.0
2022-06-30,11.9,11.9,11.75,11.85,375000.0
2022-07-01,11.85,11.85,11.6,11.65,243000.0
2022-07-04,11.7,11.75,11.6,11.75,186266.0
2022-07-05,12.0,12.05,11.6,11.8,250500.0
2022-07-06,11.7,11.7,11.55,11.65,226090.0
2022-07-07,11.65,11.65,11.55,11.65,167000.0
2022-07-08,11.65,11.7,11.6,11.65,168050.0
2022-07-11,11.5,11.5,10.75,11.4,1539060.0
2022-07-12,11.3,11.3,11.0,11.05,394000.0
2022-07-13,11.3,11.45,11.05,11.05,310750.0
2022-07-14,11.05,11.35,11.05,11.3,259000.0
2022-07-15,11.45,11.45,11.25,11.3,240001.0
2022-07-18,11.3,11.5,11.2,11.35,261000.0
2022-07-19,11.35,11.45,11.3,11.45,60000.0
2022-07-20,11.4,11.55,11.4,11.5,176000.0
2022-07-21,11.5,11.5,11.45,11.5,56000.0
2022-07-22,11.5,11.6,11.4,11.6,133000.0
2022-07-25,11.65,11.8,11.6,11.8,160356.0
2022-07-26,11.75,12.0,11.75,12.0,303375.0
2022-07-27,12.0,12.15,12.0,12.15,217000.0
2022-07-28,12.2,12.2,12.05,12.1,230600.0
2022-07-29,12.1,12.15,12.0,12.1,93000.0
2022-08-01,12.1,12.15,12.1,12.15,137000.0
2022-08-02,12.05,12.1,12.0,12.1,99000.0
2022-08-03,12.1,12.1,11.9,12.0,158000.0
2022-08-04,12.1,12.1,11.8,11.9,183000.0
2022-08-05,12.05,12.15,12.0,12.15,332000.0
2022-08-08,12.1,12.15,12.0,12.15,391500.0
2022-08-09,12.05,12.1,12.0,12.05,72000.0
2022-08-10,12.2,12.7,12.2,12.45,1201000.0
2022-08-11,12.6,12.6,12.3,12.35,437900.0
2022-08-12,12.35,12.45,12.35,12.45,276710.0
2022-08-15,12.45,12.45,12.35,12.4,103000.0
2022-08-16,12.4,12.45,12.4,12.45,85100.0
2022-08-17,12.45,12.45,12.35,12.45,185150.0
2022-08-18,12.4,12.45,12.35,12.45,274279.0
2022-08-19,12.45,12.75,12.4,12.75,258296.0
2022-08-22,12.7,12.85,12.65,12.75,375000.0
2022-08-23,12.7,12.75,12.6,12.75,168000.0
2022-08-24,12.75,12.95,12.7,12.8,303000.0
2022-08-25,12.8,12.95,12.8,12.85,272935.0
2022-08-26,12.9,12.95,12.85,12.95,173000.0
2022-08-29,12.75,12.85,12.7,12.8,340000.0
2022-08-30,12.8,12.85,12.75,12.8,123000.0
2022-08-31,12.8,12.85,12.75,12.75,248000.0
2022-09-01,12.7,12.75,12.5,12.65,245000.0
2022-09-02,12.7,12.85,12.55,12.6,364000.0
2022-09-05,12.6,12.65,12.5,12.6,122000.0
2022-09-06,12.65,12.7,12.55,12.6,121000.0
2022-09-07,12.5,12.5,12.35,12.4,188000.0
2022-09-08,12.55,12.55,12.45,12.5,103034.0
2022-09-12,12.55,12.65,12.45,12.6,164000.0
2022-09-13,12.65,12.75,12.5,12.55,481158.0
2022-09-14,12.45,12.55,12.4,12.45,244001.0
2022-09-15,12.45,12.5,12.4,12.5,111000.0
2022-09-16,12.4,12.45,12.25,12.35,252000.0
2022-09-19,12.4,12.4,12.2,12.25,348000.0
2022-09-20,12.25,12.3,12.15,12.15,191000.0
2022-09-21,12.2,12.3,12.1,12.2,395756.0
2022-09-22,12.1,12.25,12.1,12.25,87625.0
2022-09-23,12.2,12.25,12.1,12.25,65000.0
2022-09-26,12.2,12.35,11.8,11.85,406000.0
2022-09-27,11.9,12.0,11.75,12.0,418000.0
2022-09-28,11.9,11.9,11.5,11.65,384909.0
2022-09-29,11.75,11.75,11.5,11.65,105000.0
2022-09-30,11.75,11.75,11.45,11.55,192000.0
2022-10-03,11.55,11.6,11.35,11.5,79592.0
2022-10-04,11.6,11.65,11.5,11.5,104350.0
2022-10-05,11.5,11.6,11.45,11.55,294000.0
2022-10-06,11.55,11.6,11.5,11.55,55002.0
2022-10-07,11.45,11.55,11.45,11.55,57400.0
2022-10-11,11.55,11.55,11.3,11.45,173000.0
2022-10-12,11.35,11.45,11.25,11.4,189000.0
2022-10-13,11.3,11.6,11.05,11.25,504012.0
2022-10-14,11.25,11.75,11.1,11.75,740000.0
2022-10-17,11.55,11.85,11.4,11.85,352150.0
2022-10-18,11.85,12.1,11.55,12.1,429075.0
2022-10-19,12.0,12.3,11.9,12.3,559793.0
2022-10-20,12.2,12.2,11.9,12.05,176000.0
2022-10-21,12.0,12.0,11.7,11.85,138250.0
2022-10-24,11.85,11.9,11.65,11.75,74000.0
2022-10-25,11.8,11.85,11.5,11.7,103150.0
2022-10-26,11.7,11.8,11.6,11.7,84000.0
2022-10-27,11.75,11.9,11.65,11.9,64000.0
2022-10-28,12.0,12.0,11.7,11.8,40075.0
2022-10-31,11.85,11.95,11.6,11.85,113000.0
2022-11-01,11.85,11.95,11.7,11.9,20398.0
2022-11-02,11.9,11.9,11.75,11.9,39009.0
2022-11-03,11.9,11.95,11.85,11.95,182000.0
2022-11-04,11.8,12.25,11.8,12.25,303410.0
2022-11-07,12.3,12.35,12.1,12.2,397010.0
2022-11-08,12.15,12.25,12.15,12.15,103001.0
2022-11-09,12.2,12.25,12.15,12.25,282281.0
2022-11-10,12.25,12.5,12.25,12.4,521000.0
2022-11-11,12.65,12.65,12.35,12.4,261000.0
2022-11-14,12.5,12.6,12.45,12.6,256733.0
2022-11-15,12.6,12.6,12.45,12.55,305144.0
2022-11-16,12.45,12.55,12.35,12.4,905150.0
2022-11-17,12.55,12.95,12.55,12.85,1322000.0
2022-11-18,12.9,13.05,12.8,12.95,1092701.0
2022-11-21,13.0,13.1,12.9,13.0,668150.0
2022-11-22,13.0,13.05,12.95,13.0,369150.0
2022-11-23,13.05,13.25,12.95,13.25,1008150.0
2022-11-24,13.25,13.75,13.25,13.55,1821246.0
2022-11-25,13.55,13.7,13.55,13.65,479305.0
2022-11-28,13.45,13.75,13.4,13.6,444020.0
2022-11-29,13.55,13.65,13.55,13.6,264000.0
2022-11-30,13.6,13.7,13.55,13.65,377150.0
2022-12-01,13.7,13.75,13.65,13.7,341000.0
2022-12-02,13.7,13.9,13.7,13.8,571150.0
2022-12-05,13.9,14.2,13.85,14.1,1020117.0
2022-12-06,14.1,14.2,14.0,14.05,662502.0
2022-12-07,14.1,14.1,13.45,13.8,1130100.0
2022-12-08,13.8,13.9,13.65,13.8,299000.0
2022-12-09,13.8,13.8,13.55,13.55,434050.0
2022-12-12,13.55,13.55,13.4,13.55,197074.0
2022-12-13,13.5,13.5,13.0,13.1,1296500.0
2022-12-14,13.2,13.4,13.1,13.3,128000.0
2022-12-15,13.3,13.4,13.25,13.3,115000.0
2022-12-16,13.25,13.4,13.15,13.15,147000.0
2022-12-19,13.1,13.3,13.1,13.15,108050.0
2022-12-20,13.1,13.15,12.95,12.95,300000.0
2022-12-21,13.05,13.2,13.0,13.1,105000.0
2022-12-22,13.15,13.35,13.15,13.35,261375.0
2022-12-23,13.25,13.3,13.15,13.25,141677.0
2022-12-26,13.25,13.25,13.2,13.25,66153.0
2022-12-27,13.25,13.25,13.2,13.25,84000.0
2022-12-28,13.25,13.25,13.2,13.25,89000.0
2022-12-29,13.15,13.15,13.0,13.15,238658.0
2022-12-30,13.1,13.25,13.1,13.25,122000.0
2023-01-03,13.1,13.15,13.05,13.1,94021.0
2023-01-04,13.05,13.1,13.05,13.1,78000.0
2023-01-05,13.1,13.15,13.05,13.1,163035.0
2023-01-06,13.15,13.15,13.05,13.1,133000.0
2023-01-09,13.25,13.3,13.15,13.2,309233.0
2023-01-10,13.2,13.25,13.15,13.2,108000.0
2023-01-11,13.15,13.25,13.1,13.2,111350.0
2023-01-12,13.2,13.2,13.15,13.2,66000.0
2023-01-13,13.25,13.35,13.2,13.2,145020.0
2023-01-16,13.2,13.25,13.1,13.2,266371.0
2023-01-17,13.2,13.25,13.2,13.2,261059.0
